56
S_pocetno
10
4 5 9
2 4 -72
5 3 -72
0 2 -72
3 1 -72
8 9 32
6 8 -72
9 7 -72
0 6 -72
7 1 -72
0 1
1
-
S_pocetno
3
2 3 10
0 2 -72
3 1 -72
0 1
2
-
NOVI_REDAK
S_pocetno
5
2 3 47
0 2 -72
4 5 47
3 4 -72
5 1 -72
0 1
2
-
UDJI_U_STANJE S_jednolinijskiKomentar
S_jednolinijskiKomentar
3
2 3 10
0 2 -72
3 1 -72
0 1
3
-
NOVI_REDAK
UDJI_U_STANJE S_pocetno
S_jednolinijskiKomentar
487
6 7 40
4 6 -72
7 5 -72
2 4 -72
5 3 -72
10 11 41
8 10 -72
11 9 -72
2 8 -72
9 3 -72
14 15 123
12 14 -72
15 13 -72
2 12 -72
13 3 -72
18 19 125
16 18 -72
19 17 -72
2 16 -72
17 3 -72
22 23 124
20 22 -72
23 21 -72
2 20 -72
21 3 -72
26 27 42
24 26 -72
27 25 -72
2 24 -72
25 3 -72
30 31 92
28 30 -72
31 29 -72
2 28 -72
29 3 -72
34 35 36
32 34 -72
35 33 -72
2 32 -72
33 3 -72
38 39 9
36 38 -72
39 37 -72
2 36 -72
37 3 -72
42 43 10
40 42 -72
43 41 -72
2 40 -72
41 3 -72
46 47 32
44 46 -72
47 45 -72
2 44 -72
45 3 -72
50 51 33
48 50 -72
51 49 -72
2 48 -72
49 3 -72
54 55 34
52 54 -72
55 53 -72
2 52 -72
53 3 -72
58 59 35
56 58 -72
59 57 -72
2 56 -72
57 3 -72
62 63 37
60 62 -72
63 61 -72
2 60 -72
61 3 -72
66 67 38
64 66 -72
67 65 -72
2 64 -72
65 3 -72
70 71 39
68 70 -72
71 69 -72
2 68 -72
69 3 -72
74 75 43
72 74 -72
75 73 -72
2 72 -72
73 3 -72
78 79 44
76 78 -72
79 77 -72
2 76 -72
77 3 -72
82 83 45
80 82 -72
83 81 -72
2 80 -72
81 3 -72
86 87 46
84 86 -72
87 85 -72
2 84 -72
85 3 -72
90 91 47
88 90 -72
91 89 -72
2 88 -72
89 3 -72
94 95 48
92 94 -72
95 93 -72
2 92 -72
93 3 -72
98 99 49
96 98 -72
99 97 -72
2 96 -72
97 3 -72
102 103 50
100 102 -72
103 101 -72
2 100 -72
101 3 -72
106 107 51
104 106 -72
107 105 -72
2 104 -72
105 3 -72
110 111 52
108 110 -72
111 109 -72
2 108 -72
109 3 -72
114 115 53
112 114 -72
115 113 -72
2 112 -72
113 3 -72
118 119 54
116 118 -72
119 117 -72
2 116 -72
117 3 -72
122 123 55
120 122 -72
123 121 -72
2 120 -72
121 3 -72
126 127 56
124 126 -72
127 125 -72
2 124 -72
125 3 -72
130 131 57
128 130 -72
131 129 -72
2 128 -72
129 3 -72
134 135 58
132 134 -72
135 133 -72
2 132 -72
133 3 -72
138 139 59
136 138 -72
139 137 -72
2 136 -72
137 3 -72
142 143 60
140 142 -72
143 141 -72
2 140 -72
141 3 -72
146 147 61
144 146 -72
147 145 -72
2 144 -72
145 3 -72
150 151 62
148 150 -72
151 149 -72
2 148 -72
149 3 -72
154 155 63
152 154 -72
155 153 -72
2 152 -72
153 3 -72
158 159 64
156 158 -72
159 157 -72
2 156 -72
157 3 -72
162 163 65
160 162 -72
163 161 -72
2 160 -72
161 3 -72
166 167 66
164 166 -72
167 165 -72
2 164 -72
165 3 -72
170 171 67
168 170 -72
171 169 -72
2 168 -72
169 3 -72
174 175 68
172 174 -72
175 173 -72
2 172 -72
173 3 -72
178 179 69
176 178 -72
179 177 -72
2 176 -72
177 3 -72
182 183 70
180 182 -72
183 181 -72
2 180 -72
181 3 -72
186 187 71
184 186 -72
187 185 -72
2 184 -72
185 3 -72
190 191 72
188 190 -72
191 189 -72
2 188 -72
189 3 -72
194 195 73
192 194 -72
195 193 -72
2 192 -72
193 3 -72
198 199 74
196 198 -72
199 197 -72
2 196 -72
197 3 -72
202 203 75
200 202 -72
203 201 -72
2 200 -72
201 3 -72
206 207 76
204 206 -72
207 205 -72
2 204 -72
205 3 -72
210 211 77
208 210 -72
211 209 -72
2 208 -72
209 3 -72
214 215 78
212 214 -72
215 213 -72
2 212 -72
213 3 -72
218 219 79
216 218 -72
219 217 -72
2 216 -72
217 3 -72
222 223 80
220 222 -72
223 221 -72
2 220 -72
221 3 -72
226 227 81
224 226 -72
227 225 -72
2 224 -72
225 3 -72
230 231 82
228 230 -72
231 229 -72
2 228 -72
229 3 -72
234 235 83
232 234 -72
235 233 -72
2 232 -72
233 3 -72
238 239 84
236 238 -72
239 237 -72
2 236 -72
237 3 -72
242 243 85
240 242 -72
243 241 -72
2 240 -72
241 3 -72
246 247 86
244 246 -72
247 245 -72
2 244 -72
245 3 -72
250 251 87
248 250 -72
251 249 -72
2 248 -72
249 3 -72
254 255 88
252 254 -72
255 253 -72
2 252 -72
253 3 -72
258 259 89
256 258 -72
259 257 -72
2 256 -72
257 3 -72
262 263 90
260 262 -72
263 261 -72
2 260 -72
261 3 -72
266 267 91
264 266 -72
267 265 -72
2 264 -72
265 3 -72
270 271 93
268 270 -72
271 269 -72
2 268 -72
269 3 -72
274 275 94
272 274 -72
275 273 -72
2 272 -72
273 3 -72
278 279 95
276 278 -72
279 277 -72
2 276 -72
277 3 -72
282 283 96
280 282 -72
283 281 -72
2 280 -72
281 3 -72
286 287 97
284 286 -72
287 285 -72
2 284 -72
285 3 -72
290 291 98
288 290 -72
291 289 -72
2 288 -72
289 3 -72
294 295 99
292 294 -72
295 293 -72
2 292 -72
293 3 -72
298 299 100
296 298 -72
299 297 -72
2 296 -72
297 3 -72
302 303 101
300 302 -72
303 301 -72
2 300 -72
301 3 -72
306 307 102
304 306 -72
307 305 -72
2 304 -72
305 3 -72
310 311 103
308 310 -72
311 309 -72
2 308 -72
309 3 -72
314 315 104
312 314 -72
315 313 -72
2 312 -72
313 3 -72
318 319 105
316 318 -72
319 317 -72
2 316 -72
317 3 -72
322 323 106
320 322 -72
323 321 -72
2 320 -72
321 3 -72
326 327 107
324 326 -72
327 325 -72
2 324 -72
325 3 -72
330 331 108
328 330 -72
331 329 -72
2 328 -72
329 3 -72
334 335 109
332 334 -72
335 333 -72
2 332 -72
333 3 -72
338 339 110
336 338 -72
339 337 -72
2 336 -72
337 3 -72
342 343 111
340 342 -72
343 341 -72
2 340 -72
341 3 -72
346 347 112
344 346 -72
347 345 -72
2 344 -72
345 3 -72
350 351 113
348 350 -72
351 349 -72
2 348 -72
349 3 -72
354 355 114
352 354 -72
355 353 -72
2 352 -72
353 3 -72
358 359 115
356 358 -72
359 357 -72
2 356 -72
357 3 -72
362 363 116
360 362 -72
363 361 -72
2 360 -72
361 3 -72
366 367 117
364 366 -72
367 365 -72
2 364 -72
365 3 -72
370 371 118
368 370 -72
371 369 -72
2 368 -72
369 3 -72
374 375 119
372 374 -72
375 373 -72
2 372 -72
373 3 -72
378 379 120
376 378 -72
379 377 -72
2 376 -72
377 3 -72
382 383 121
380 382 -72
383 381 -72
2 380 -72
381 3 -72
386 387 122
384 386 -72
387 385 -72
2 384 -72
385 3 -72
390 391 126
388 390 -72
391 389 -72
2 388 -72
389 3 -72
0 2 -72
3 1 -72
0 1
1
-
S_pocetno
5
2 3 47
0 2 -72
4 5 42
3 4 -72
5 1 -72
0 1
2
-
UDJI_U_STANJE S_komentar
S_komentar
5
2 3 42
0 2 -72
4 5 47
3 4 -72
5 1 -72
0 1
2
-
UDJI_U_STANJE S_pocetno
S_komentar
3
2 3 10
0 2 -72
3 1 -72
0 1
2
-
NOVI_REDAK
S_komentar
487
6 7 40
4 6 -72
7 5 -72
2 4 -72
5 3 -72
10 11 41
8 10 -72
11 9 -72
2 8 -72
9 3 -72
14 15 123
12 14 -72
15 13 -72
2 12 -72
13 3 -72
18 19 125
16 18 -72
19 17 -72
2 16 -72
17 3 -72
22 23 124
20 22 -72
23 21 -72
2 20 -72
21 3 -72
26 27 42
24 26 -72
27 25 -72
2 24 -72
25 3 -72
30 31 92
28 30 -72
31 29 -72
2 28 -72
29 3 -72
34 35 36
32 34 -72
35 33 -72
2 32 -72
33 3 -72
38 39 9
36 38 -72
39 37 -72
2 36 -72
37 3 -72
42 43 10
40 42 -72
43 41 -72
2 40 -72
41 3 -72
46 47 32
44 46 -72
47 45 -72
2 44 -72
45 3 -72
50 51 33
48 50 -72
51 49 -72
2 48 -72
49 3 -72
54 55 34
52 54 -72
55 53 -72
2 52 -72
53 3 -72
58 59 35
56 58 -72
59 57 -72
2 56 -72
57 3 -72
62 63 37
60 62 -72
63 61 -72
2 60 -72
61 3 -72
66 67 38
64 66 -72
67 65 -72
2 64 -72
65 3 -72
70 71 39
68 70 -72
71 69 -72
2 68 -72
69 3 -72
74 75 43
72 74 -72
75 73 -72
2 72 -72
73 3 -72
78 79 44
76 78 -72
79 77 -72
2 76 -72
77 3 -72
82 83 45
80 82 -72
83 81 -72
2 80 -72
81 3 -72
86 87 46
84 86 -72
87 85 -72
2 84 -72
85 3 -72
90 91 47
88 90 -72
91 89 -72
2 88 -72
89 3 -72
94 95 48
92 94 -72
95 93 -72
2 92 -72
93 3 -72
98 99 49
96 98 -72
99 97 -72
2 96 -72
97 3 -72
102 103 50
100 102 -72
103 101 -72
2 100 -72
101 3 -72
106 107 51
104 106 -72
107 105 -72
2 104 -72
105 3 -72
110 111 52
108 110 -72
111 109 -72
2 108 -72
109 3 -72
114 115 53
112 114 -72
115 113 -72
2 112 -72
113 3 -72
118 119 54
116 118 -72
119 117 -72
2 116 -72
117 3 -72
122 123 55
120 122 -72
123 121 -72
2 120 -72
121 3 -72
126 127 56
124 126 -72
127 125 -72
2 124 -72
125 3 -72
130 131 57
128 130 -72
131 129 -72
2 128 -72
129 3 -72
134 135 58
132 134 -72
135 133 -72
2 132 -72
133 3 -72
138 139 59
136 138 -72
139 137 -72
2 136 -72
137 3 -72
142 143 60
140 142 -72
143 141 -72
2 140 -72
141 3 -72
146 147 61
144 146 -72
147 145 -72
2 144 -72
145 3 -72
150 151 62
148 150 -72
151 149 -72
2 148 -72
149 3 -72
154 155 63
152 154 -72
155 153 -72
2 152 -72
153 3 -72
158 159 64
156 158 -72
159 157 -72
2 156 -72
157 3 -72
162 163 65
160 162 -72
163 161 -72
2 160 -72
161 3 -72
166 167 66
164 166 -72
167 165 -72
2 164 -72
165 3 -72
170 171 67
168 170 -72
171 169 -72
2 168 -72
169 3 -72
174 175 68
172 174 -72
175 173 -72
2 172 -72
173 3 -72
178 179 69
176 178 -72
179 177 -72
2 176 -72
177 3 -72
182 183 70
180 182 -72
183 181 -72
2 180 -72
181 3 -72
186 187 71
184 186 -72
187 185 -72
2 184 -72
185 3 -72
190 191 72
188 190 -72
191 189 -72
2 188 -72
189 3 -72
194 195 73
192 194 -72
195 193 -72
2 192 -72
193 3 -72
198 199 74
196 198 -72
199 197 -72
2 196 -72
197 3 -72
202 203 75
200 202 -72
203 201 -72
2 200 -72
201 3 -72
206 207 76
204 206 -72
207 205 -72
2 204 -72
205 3 -72
210 211 77
208 210 -72
211 209 -72
2 208 -72
209 3 -72
214 215 78
212 214 -72
215 213 -72
2 212 -72
213 3 -72
218 219 79
216 218 -72
219 217 -72
2 216 -72
217 3 -72
222 223 80
220 222 -72
223 221 -72
2 220 -72
221 3 -72
226 227 81
224 226 -72
227 225 -72
2 224 -72
225 3 -72
230 231 82
228 230 -72
231 229 -72
2 228 -72
229 3 -72
234 235 83
232 234 -72
235 233 -72
2 232 -72
233 3 -72
238 239 84
236 238 -72
239 237 -72
2 236 -72
237 3 -72
242 243 85
240 242 -72
243 241 -72
2 240 -72
241 3 -72
246 247 86
244 246 -72
247 245 -72
2 244 -72
245 3 -72
250 251 87
248 250 -72
251 249 -72
2 248 -72
249 3 -72
254 255 88
252 254 -72
255 253 -72
2 252 -72
253 3 -72
258 259 89
256 258 -72
259 257 -72
2 256 -72
257 3 -72
262 263 90
260 262 -72
263 261 -72
2 260 -72
261 3 -72
266 267 91
264 266 -72
267 265 -72
2 264 -72
265 3 -72
270 271 93
268 270 -72
271 269 -72
2 268 -72
269 3 -72
274 275 94
272 274 -72
275 273 -72
2 272 -72
273 3 -72
278 279 95
276 278 -72
279 277 -72
2 276 -72
277 3 -72
282 283 96
280 282 -72
283 281 -72
2 280 -72
281 3 -72
286 287 97
284 286 -72
287 285 -72
2 284 -72
285 3 -72
290 291 98
288 290 -72
291 289 -72
2 288 -72
289 3 -72
294 295 99
292 294 -72
295 293 -72
2 292 -72
293 3 -72
298 299 100
296 298 -72
299 297 -72
2 296 -72
297 3 -72
302 303 101
300 302 -72
303 301 -72
2 300 -72
301 3 -72
306 307 102
304 306 -72
307 305 -72
2 304 -72
305 3 -72
310 311 103
308 310 -72
311 309 -72
2 308 -72
309 3 -72
314 315 104
312 314 -72
315 313 -72
2 312 -72
313 3 -72
318 319 105
316 318 -72
319 317 -72
2 316 -72
317 3 -72
322 323 106
320 322 -72
323 321 -72
2 320 -72
321 3 -72
326 327 107
324 326 -72
327 325 -72
2 324 -72
325 3 -72
330 331 108
328 330 -72
331 329 -72
2 328 -72
329 3 -72
334 335 109
332 334 -72
335 333 -72
2 332 -72
333 3 -72
338 339 110
336 338 -72
339 337 -72
2 336 -72
337 3 -72
342 343 111
340 342 -72
343 341 -72
2 340 -72
341 3 -72
346 347 112
344 346 -72
347 345 -72
2 344 -72
345 3 -72
350 351 113
348 350 -72
351 349 -72
2 348 -72
349 3 -72
354 355 114
352 354 -72
355 353 -72
2 352 -72
353 3 -72
358 359 115
356 358 -72
359 357 -72
2 356 -72
357 3 -72
362 363 116
360 362 -72
363 361 -72
2 360 -72
361 3 -72
366 367 117
364 366 -72
367 365 -72
2 364 -72
365 3 -72
370 371 118
368 370 -72
371 369 -72
2 368 -72
369 3 -72
374 375 119
372 374 -72
375 373 -72
2 372 -72
373 3 -72
378 379 120
376 378 -72
379 377 -72
2 376 -72
377 3 -72
382 383 121
380 382 -72
383 381 -72
2 380 -72
381 3 -72
386 387 122
384 386 -72
387 385 -72
2 384 -72
385 3 -72
390 391 126
388 390 -72
391 389 -72
2 388 -72
389 3 -72
0 2 -72
3 1 -72
0 1
1
-
S_pocetno
3
2 3 34
0 2 -72
3 1 -72
0 1
3
-
UDJI_U_STANJE S_string
VRATI_SE 0
S_string
496
2 3 34
0 2 -72
12 13 40
10 12 -72
13 11 -72
8 10 -72
11 9 -72
16 17 41
14 16 -72
17 15 -72
8 14 -72
15 9 -72
20 21 123
18 20 -72
21 19 -72
8 18 -72
19 9 -72
24 25 125
22 24 -72
25 23 -72
8 22 -72
23 9 -72
28 29 124
26 28 -72
29 27 -72
8 26 -72
27 9 -72
32 33 42
30 32 -72
33 31 -72
8 30 -72
31 9 -72
36 37 92
34 36 -72
37 35 -72
8 34 -72
35 9 -72
40 41 36
38 40 -72
41 39 -72
8 38 -72
39 9 -72
44 45 9
42 44 -72
45 43 -72
8 42 -72
43 9 -72
48 49 32
46 48 -72
49 47 -72
8 46 -72
47 9 -72
52 53 33
50 52 -72
53 51 -72
8 50 -72
51 9 -72
56 57 35
54 56 -72
57 55 -72
8 54 -72
55 9 -72
60 61 37
58 60 -72
61 59 -72
8 58 -72
59 9 -72
64 65 38
62 64 -72
65 63 -72
8 62 -72
63 9 -72
68 69 39
66 68 -72
69 67 -72
8 66 -72
67 9 -72
72 73 43
70 72 -72
73 71 -72
8 70 -72
71 9 -72
76 77 44
74 76 -72
77 75 -72
8 74 -72
75 9 -72
80 81 45
78 80 -72
81 79 -72
8 78 -72
79 9 -72
84 85 46
82 84 -72
85 83 -72
8 82 -72
83 9 -72
88 89 47
86 88 -72
89 87 -72
8 86 -72
87 9 -72
92 93 48
90 92 -72
93 91 -72
8 90 -72
91 9 -72
96 97 49
94 96 -72
97 95 -72
8 94 -72
95 9 -72
100 101 50
98 100 -72
101 99 -72
8 98 -72
99 9 -72
104 105 51
102 104 -72
105 103 -72
8 102 -72
103 9 -72
108 109 52
106 108 -72
109 107 -72
8 106 -72
107 9 -72
112 113 53
110 112 -72
113 111 -72
8 110 -72
111 9 -72
116 117 54
114 116 -72
117 115 -72
8 114 -72
115 9 -72
120 121 55
118 120 -72
121 119 -72
8 118 -72
119 9 -72
124 125 56
122 124 -72
125 123 -72
8 122 -72
123 9 -72
128 129 57
126 128 -72
129 127 -72
8 126 -72
127 9 -72
132 133 58
130 132 -72
133 131 -72
8 130 -72
131 9 -72
136 137 59
134 136 -72
137 135 -72
8 134 -72
135 9 -72
140 141 60
138 140 -72
141 139 -72
8 138 -72
139 9 -72
144 145 61
142 144 -72
145 143 -72
8 142 -72
143 9 -72
148 149 62
146 148 -72
149 147 -72
8 146 -72
147 9 -72
152 153 63
150 152 -72
153 151 -72
8 150 -72
151 9 -72
156 157 64
154 156 -72
157 155 -72
8 154 -72
155 9 -72
160 161 65
158 160 -72
161 159 -72
8 158 -72
159 9 -72
164 165 66
162 164 -72
165 163 -72
8 162 -72
163 9 -72
168 169 67
166 168 -72
169 167 -72
8 166 -72
167 9 -72
172 173 68
170 172 -72
173 171 -72
8 170 -72
171 9 -72
176 177 69
174 176 -72
177 175 -72
8 174 -72
175 9 -72
180 181 70
178 180 -72
181 179 -72
8 178 -72
179 9 -72
184 185 71
182 184 -72
185 183 -72
8 182 -72
183 9 -72
188 189 72
186 188 -72
189 187 -72
8 186 -72
187 9 -72
192 193 73
190 192 -72
193 191 -72
8 190 -72
191 9 -72
196 197 74
194 196 -72
197 195 -72
8 194 -72
195 9 -72
200 201 75
198 200 -72
201 199 -72
8 198 -72
199 9 -72
204 205 76
202 204 -72
205 203 -72
8 202 -72
203 9 -72
208 209 77
206 208 -72
209 207 -72
8 206 -72
207 9 -72
212 213 78
210 212 -72
213 211 -72
8 210 -72
211 9 -72
216 217 79
214 216 -72
217 215 -72
8 214 -72
215 9 -72
220 221 80
218 220 -72
221 219 -72
8 218 -72
219 9 -72
224 225 81
222 224 -72
225 223 -72
8 222 -72
223 9 -72
228 229 82
226 228 -72
229 227 -72
8 226 -72
227 9 -72
232 233 83
230 232 -72
233 231 -72
8 230 -72
231 9 -72
236 237 84
234 236 -72
237 235 -72
8 234 -72
235 9 -72
240 241 85
238 240 -72
241 239 -72
8 238 -72
239 9 -72
244 245 86
242 244 -72
245 243 -72
8 242 -72
243 9 -72
248 249 87
246 248 -72
249 247 -72
8 246 -72
247 9 -72
252 253 88
250 252 -72
253 251 -72
8 250 -72
251 9 -72
256 257 89
254 256 -72
257 255 -72
8 254 -72
255 9 -72
260 261 90
258 260 -72
261 259 -72
8 258 -72
259 9 -72
264 265 91
262 264 -72
265 263 -72
8 262 -72
263 9 -72
268 269 93
266 268 -72
269 267 -72
8 266 -72
267 9 -72
272 273 94
270 272 -72
273 271 -72
8 270 -72
271 9 -72
276 277 95
274 276 -72
277 275 -72
8 274 -72
275 9 -72
280 281 96
278 280 -72
281 279 -72
8 278 -72
279 9 -72
284 285 97
282 284 -72
285 283 -72
8 282 -72
283 9 -72
288 289 98
286 288 -72
289 287 -72
8 286 -72
287 9 -72
292 293 99
290 292 -72
293 291 -72
8 290 -72
291 9 -72
296 297 100
294 296 -72
297 295 -72
8 294 -72
295 9 -72
300 301 101
298 300 -72
301 299 -72
8 298 -72
299 9 -72
304 305 102
302 304 -72
305 303 -72
8 302 -72
303 9 -72
308 309 103
306 308 -72
309 307 -72
8 306 -72
307 9 -72
312 313 104
310 312 -72
313 311 -72
8 310 -72
311 9 -72
316 317 105
314 316 -72
317 315 -72
8 314 -72
315 9 -72
320 321 106
318 320 -72
321 319 -72
8 318 -72
319 9 -72
324 325 107
322 324 -72
325 323 -72
8 322 -72
323 9 -72
328 329 108
326 328 -72
329 327 -72
8 326 -72
327 9 -72
332 333 109
330 332 -72
333 331 -72
8 330 -72
331 9 -72
336 337 110
334 336 -72
337 335 -72
8 334 -72
335 9 -72
340 341 111
338 340 -72
341 339 -72
8 338 -72
339 9 -72
344 345 112
342 344 -72
345 343 -72
8 342 -72
343 9 -72
348 349 113
346 348 -72
349 347 -72
8 346 -72
347 9 -72
352 353 114
350 352 -72
353 351 -72
8 350 -72
351 9 -72
356 357 115
354 356 -72
357 355 -72
8 354 -72
355 9 -72
360 361 116
358 360 -72
361 359 -72
8 358 -72
359 9 -72
364 365 117
362 364 -72
365 363 -72
8 362 -72
363 9 -72
368 369 118
366 368 -72
369 367 -72
8 366 -72
367 9 -72
372 373 119
370 372 -72
373 371 -72
8 370 -72
371 9 -72
376 377 120
374 376 -72
377 375 -72
8 374 -72
375 9 -72
380 381 121
378 380 -72
381 379 -72
8 378 -72
379 9 -72
384 385 122
382 384 -72
385 383 -72
8 382 -72
383 9 -72
388 389 126
386 388 -72
389 387 -72
8 386 -72
387 9 -72
6 8 -72
9 7 -72
4 6 -72
7 5 -72
392 393 92
390 392 -72
394 395 34
393 394 -72
395 391 -72
4 390 -72
391 5 -72
396 4 -72
5 397 -72
396 397 -72
5 4 -72
3 396 -72
398 399 34
397 398 -72
399 1 -72
0 1
2
NIZ_ZNAKOVA
UDJI_U_STANJE S_pocetno
S_pocetno
11
2 3 98
0 2 -72
4 5 114
3 4 -72
6 7 101
5 6 -72
8 9 97
7 8 -72
10 11 107
9 10 -72
11 1 -72
0 1
1
KR_BREAK
S_pocetno
9
2 3 99
0 2 -72
4 5 104
3 4 -72
6 7 97
5 6 -72
8 9 114
7 8 -72
9 1 -72
0 1
1
KR_CHAR
S_pocetno
11
2 3 99
0 2 -72
4 5 111
3 4 -72
6 7 110
5 6 -72
8 9 115
7 8 -72
10 11 116
9 10 -72
11 1 -72
0 1
1
KR_CONST
S_pocetno
17
2 3 99
0 2 -72
4 5 111
3 4 -72
6 7 110
5 6 -72
8 9 116
7 8 -72
10 11 105
9 10 -72
12 13 110
11 12 -72
14 15 117
13 14 -72
16 17 101
15 16 -72
17 1 -72
0 1
1
KR_CONTINUE
S_pocetno
9
2 3 101
0 2 -72
4 5 108
3 4 -72
6 7 115
5 6 -72
8 9 101
7 8 -72
9 1 -72
0 1
1
KR_ELSE
S_pocetno
7
2 3 102
0 2 -72
4 5 111
3 4 -72
6 7 114
5 6 -72
7 1 -72
0 1
1
KR_FOR
S_pocetno
5
2 3 105
0 2 -72
4 5 102
3 4 -72
5 1 -72
0 1
1
KR_IF
S_pocetno
7
2 3 105
0 2 -72
4 5 110
3 4 -72
6 7 116
5 6 -72
7 1 -72
0 1
1
KR_INT
S_pocetno
13
2 3 114
0 2 -72
4 5 101
3 4 -72
6 7 116
5 6 -72
8 9 117
7 8 -72
10 11 114
9 10 -72
12 13 110
11 12 -72
13 1 -72
0 1
1
KR_RETURN
S_pocetno
9
2 3 118
0 2 -72
4 5 111
3 4 -72
6 7 105
5 6 -72
8 9 100
7 8 -72
9 1 -72
0 1
1
KR_VOID
S_pocetno
11
2 3 119
0 2 -72
4 5 104
3 4 -72
6 7 105
5 6 -72
8 9 108
7 8 -72
10 11 101
9 10 -72
11 1 -72
0 1
1
KR_WHILE
S_pocetno
599
6 7 95
4 6 -72
7 5 -72
2 4 -72
5 3 -72
14 15 97
12 14 -72
15 13 -72
10 12 -72
13 11 -72
18 19 98
16 18 -72
19 17 -72
10 16 -72
17 11 -72
22 23 99
20 22 -72
23 21 -72
10 20 -72
21 11 -72
26 27 100
24 26 -72
27 25 -72
10 24 -72
25 11 -72
30 31 101
28 30 -72
31 29 -72
10 28 -72
29 11 -72
34 35 102
32 34 -72
35 33 -72
10 32 -72
33 11 -72
38 39 103
36 38 -72
39 37 -72
10 36 -72
37 11 -72
42 43 104
40 42 -72
43 41 -72
10 40 -72
41 11 -72
46 47 105
44 46 -72
47 45 -72
10 44 -72
45 11 -72
50 51 106
48 50 -72
51 49 -72
10 48 -72
49 11 -72
54 55 107
52 54 -72
55 53 -72
10 52 -72
53 11 -72
58 59 108
56 58 -72
59 57 -72
10 56 -72
57 11 -72
62 63 109
60 62 -72
63 61 -72
10 60 -72
61 11 -72
66 67 110
64 66 -72
67 65 -72
10 64 -72
65 11 -72
70 71 111
68 70 -72
71 69 -72
10 68 -72
69 11 -72
74 75 112
72 74 -72
75 73 -72
10 72 -72
73 11 -72
78 79 113
76 78 -72
79 77 -72
10 76 -72
77 11 -72
82 83 114
80 82 -72
83 81 -72
10 80 -72
81 11 -72
86 87 115
84 86 -72
87 85 -72
10 84 -72
85 11 -72
90 91 116
88 90 -72
91 89 -72
10 88 -72
89 11 -72
94 95 117
92 94 -72
95 93 -72
10 92 -72
93 11 -72
98 99 118
96 98 -72
99 97 -72
10 96 -72
97 11 -72
102 103 119
100 102 -72
103 101 -72
10 100 -72
101 11 -72
106 107 120
104 106 -72
107 105 -72
10 104 -72
105 11 -72
110 111 121
108 110 -72
111 109 -72
10 108 -72
109 11 -72
114 115 122
112 114 -72
115 113 -72
10 112 -72
113 11 -72
118 119 65
116 118 -72
119 117 -72
10 116 -72
117 11 -72
122 123 66
120 122 -72
123 121 -72
10 120 -72
121 11 -72
126 127 67
124 126 -72
127 125 -72
10 124 -72
125 11 -72
130 131 68
128 130 -72
131 129 -72
10 128 -72
129 11 -72
134 135 69
132 134 -72
135 133 -72
10 132 -72
133 11 -72
138 139 70
136 138 -72
139 137 -72
10 136 -72
137 11 -72
142 143 71
140 142 -72
143 141 -72
10 140 -72
141 11 -72
146 147 72
144 146 -72
147 145 -72
10 144 -72
145 11 -72
150 151 73
148 150 -72
151 149 -72
10 148 -72
149 11 -72
154 155 74
152 154 -72
155 153 -72
10 152 -72
153 11 -72
158 159 75
156 158 -72
159 157 -72
10 156 -72
157 11 -72
162 163 76
160 162 -72
163 161 -72
10 160 -72
161 11 -72
166 167 77
164 166 -72
167 165 -72
10 164 -72
165 11 -72
170 171 78
168 170 -72
171 169 -72
10 168 -72
169 11 -72
174 175 79
172 174 -72
175 173 -72
10 172 -72
173 11 -72
178 179 80
176 178 -72
179 177 -72
10 176 -72
177 11 -72
182 183 81
180 182 -72
183 181 -72
10 180 -72
181 11 -72
186 187 82
184 186 -72
187 185 -72
10 184 -72
185 11 -72
190 191 83
188 190 -72
191 189 -72
10 188 -72
189 11 -72
194 195 84
192 194 -72
195 193 -72
10 192 -72
193 11 -72
198 199 85
196 198 -72
199 197 -72
10 196 -72
197 11 -72
202 203 86
200 202 -72
203 201 -72
10 200 -72
201 11 -72
206 207 87
204 206 -72
207 205 -72
10 204 -72
205 11 -72
210 211 88
208 210 -72
211 209 -72
10 208 -72
209 11 -72
214 215 89
212 214 -72
215 213 -72
10 212 -72
213 11 -72
218 219 90
216 218 -72
219 217 -72
10 216 -72
217 11 -72
8 10 -72
11 9 -72
2 8 -72
9 3 -72
0 2 -72
224 225 95
222 224 -72
225 223 -72
220 222 -72
223 221 -72
232 233 97
230 232 -72
233 231 -72
228 230 -72
231 229 -72
236 237 98
234 236 -72
237 235 -72
228 234 -72
235 229 -72
240 241 99
238 240 -72
241 239 -72
228 238 -72
239 229 -72
244 245 100
242 244 -72
245 243 -72
228 242 -72
243 229 -72
248 249 101
246 248 -72
249 247 -72
228 246 -72
247 229 -72
252 253 102
250 252 -72
253 251 -72
228 250 -72
251 229 -72
256 257 103
254 256 -72
257 255 -72
228 254 -72
255 229 -72
260 261 104
258 260 -72
261 259 -72
228 258 -72
259 229 -72
264 265 105
262 264 -72
265 263 -72
228 262 -72
263 229 -72
268 269 106
266 268 -72
269 267 -72
228 266 -72
267 229 -72
272 273 107
270 272 -72
273 271 -72
228 270 -72
271 229 -72
276 277 108
274 276 -72
277 275 -72
228 274 -72
275 229 -72
280 281 109
278 280 -72
281 279 -72
228 278 -72
279 229 -72
284 285 110
282 284 -72
285 283 -72
228 282 -72
283 229 -72
288 289 111
286 288 -72
289 287 -72
228 286 -72
287 229 -72
292 293 112
290 292 -72
293 291 -72
228 290 -72
291 229 -72
296 297 113
294 296 -72
297 295 -72
228 294 -72
295 229 -72
300 301 114
298 300 -72
301 299 -72
228 298 -72
299 229 -72
304 305 115
302 304 -72
305 303 -72
228 302 -72
303 229 -72
308 309 116
306 308 -72
309 307 -72
228 306 -72
307 229 -72
312 313 117
310 312 -72
313 311 -72
228 310 -72
311 229 -72
316 317 118
314 316 -72
317 315 -72
228 314 -72
315 229 -72
320 321 119
318 320 -72
321 319 -72
228 318 -72
319 229 -72
324 325 120
322 324 -72
325 323 -72
228 322 -72
323 229 -72
328 329 121
326 328 -72
329 327 -72
228 326 -72
327 229 -72
332 333 122
330 332 -72
333 331 -72
228 330 -72
331 229 -72
336 337 65
334 336 -72
337 335 -72
228 334 -72
335 229 -72
340 341 66
338 340 -72
341 339 -72
228 338 -72
339 229 -72
344 345 67
342 344 -72
345 343 -72
228 342 -72
343 229 -72
348 349 68
346 348 -72
349 347 -72
228 346 -72
347 229 -72
352 353 69
350 352 -72
353 351 -72
228 350 -72
351 229 -72
356 357 70
354 356 -72
357 355 -72
228 354 -72
355 229 -72
360 361 71
358 360 -72
361 359 -72
228 358 -72
359 229 -72
364 365 72
362 364 -72
365 363 -72
228 362 -72
363 229 -72
368 369 73
366 368 -72
369 367 -72
228 366 -72
367 229 -72
372 373 74
370 372 -72
373 371 -72
228 370 -72
371 229 -72
376 377 75
374 376 -72
377 375 -72
228 374 -72
375 229 -72
380 381 76
378 380 -72
381 379 -72
228 378 -72
379 229 -72
384 385 77
382 384 -72
385 383 -72
228 382 -72
383 229 -72
388 389 78
386 388 -72
389 387 -72
228 386 -72
387 229 -72
392 393 79
390 392 -72
393 391 -72
228 390 -72
391 229 -72
396 397 80
394 396 -72
397 395 -72
228 394 -72
395 229 -72
400 401 81
398 400 -72
401 399 -72
228 398 -72
399 229 -72
404 405 82
402 404 -72
405 403 -72
228 402 -72
403 229 -72
408 409 83
406 408 -72
409 407 -72
228 406 -72
407 229 -72
412 413 84
410 412 -72
413 411 -72
228 410 -72
411 229 -72
416 417 85
414 416 -72
417 415 -72
228 414 -72
415 229 -72
420 421 86
418 420 -72
421 419 -72
228 418 -72
419 229 -72
424 425 87
422 424 -72
425 423 -72
228 422 -72
423 229 -72
428 429 88
426 428 -72
429 427 -72
228 426 -72
427 229 -72
432 433 89
430 432 -72
433 431 -72
228 430 -72
431 229 -72
436 437 90
434 436 -72
437 435 -72
228 434 -72
435 229 -72
226 228 -72
229 227 -72
220 226 -72
227 221 -72
444 445 48
442 444 -72
445 443 -72
440 442 -72
443 441 -72
448 449 49
446 448 -72
449 447 -72
440 446 -72
447 441 -72
452 453 50
450 452 -72
453 451 -72
440 450 -72
451 441 -72
456 457 51
454 456 -72
457 455 -72
440 454 -72
455 441 -72
460 461 52
458 460 -72
461 459 -72
440 458 -72
459 441 -72
464 465 53
462 464 -72
465 463 -72
440 462 -72
463 441 -72
468 469 54
466 468 -72
469 467 -72
440 466 -72
467 441 -72
472 473 55
470 472 -72
473 471 -72
440 470 -72
471 441 -72
476 477 56
474 476 -72
477 475 -72
440 474 -72
475 441 -72
480 481 57
478 480 -72
481 479 -72
440 478 -72
479 441 -72
438 440 -72
441 439 -72
220 438 -72
439 221 -72
482 220 -72
221 483 -72
482 483 -72
221 220 -72
3 482 -72
483 1 -72
0 1
1
IDN
S_pocetno
107
6 7 48
4 6 -72
7 5 -72
2 4 -72
5 3 -72
10 11 49
8 10 -72
11 9 -72
2 8 -72
9 3 -72
14 15 50
12 14 -72
15 13 -72
2 12 -72
13 3 -72
18 19 51
16 18 -72
19 17 -72
2 16 -72
17 3 -72
22 23 52
20 22 -72
23 21 -72
2 20 -72
21 3 -72
26 27 53
24 26 -72
27 25 -72
2 24 -72
25 3 -72
30 31 54
28 30 -72
31 29 -72
2 28 -72
29 3 -72
34 35 55
32 34 -72
35 33 -72
2 32 -72
33 3 -72
38 39 56
36 38 -72
39 37 -72
2 36 -72
37 3 -72
42 43 57
40 42 -72
43 41 -72
2 40 -72
41 3 -72
0 2 -72
48 49 48
46 48 -72
49 47 -72
44 46 -72
47 45 -72
52 53 49
50 52 -72
53 51 -72
44 50 -72
51 45 -72
56 57 50
54 56 -72
57 55 -72
44 54 -72
55 45 -72
60 61 51
58 60 -72
61 59 -72
44 58 -72
59 45 -72
64 65 52
62 64 -72
65 63 -72
44 62 -72
63 45 -72
68 69 53
66 68 -72
69 67 -72
44 66 -72
67 45 -72
72 73 54
70 72 -72
73 71 -72
44 70 -72
71 45 -72
76 77 55
74 76 -72
77 75 -72
44 74 -72
75 45 -72
80 81 56
78 80 -72
81 79 -72
44 78 -72
79 45 -72
84 85 57
82 84 -72
85 83 -72
44 82 -72
83 45 -72
86 44 -72
45 87 -72
86 87 -72
45 44 -72
3 86 -72
87 1 -72
0 1
1
BROJ
S_pocetno
248
2 3 48
0 2 -72
8 9 88
6 8 -72
9 7 -72
4 6 -72
7 5 -72
12 13 120
10 12 -72
13 11 -72
4 10 -72
11 5 -72
3 4 -72
22 23 48
20 22 -72
23 21 -72
18 20 -72
21 19 -72
26 27 49
24 26 -72
27 25 -72
18 24 -72
25 19 -72
30 31 50
28 30 -72
31 29 -72
18 28 -72
29 19 -72
34 35 51
32 34 -72
35 33 -72
18 32 -72
33 19 -72
38 39 52
36 38 -72
39 37 -72
18 36 -72
37 19 -72
42 43 53
40 42 -72
43 41 -72
18 40 -72
41 19 -72
46 47 54
44 46 -72
47 45 -72
18 44 -72
45 19 -72
50 51 55
48 50 -72
51 49 -72
18 48 -72
49 19 -72
54 55 56
52 54 -72
55 53 -72
18 52 -72
53 19 -72
58 59 57
56 58 -72
59 57 -72
18 56 -72
57 19 -72
16 18 -72
19 17 -72
14 16 -72
17 15 -72
62 63 97
60 62 -72
63 61 -72
14 60 -72
61 15 -72
66 67 98
64 66 -72
67 65 -72
14 64 -72
65 15 -72
70 71 99
68 70 -72
71 69 -72
14 68 -72
69 15 -72
74 75 100
72 74 -72
75 73 -72
14 72 -72
73 15 -72
78 79 101
76 78 -72
79 77 -72
14 76 -72
77 15 -72
82 83 102
80 82 -72
83 81 -72
14 80 -72
81 15 -72
86 87 65
84 86 -72
87 85 -72
14 84 -72
85 15 -72
90 91 66
88 90 -72
91 89 -72
14 88 -72
89 15 -72
94 95 67
92 94 -72
95 93 -72
14 92 -72
93 15 -72
98 99 68
96 98 -72
99 97 -72
14 96 -72
97 15 -72
102 103 69
100 102 -72
103 101 -72
14 100 -72
101 15 -72
106 107 70
104 106 -72
107 105 -72
14 104 -72
105 15 -72
5 14 -72
116 117 48
114 116 -72
117 115 -72
112 114 -72
115 113 -72
120 121 49
118 120 -72
121 119 -72
112 118 -72
119 113 -72
124 125 50
122 124 -72
125 123 -72
112 122 -72
123 113 -72
128 129 51
126 128 -72
129 127 -72
112 126 -72
127 113 -72
132 133 52
130 132 -72
133 131 -72
112 130 -72
131 113 -72
136 137 53
134 136 -72
137 135 -72
112 134 -72
135 113 -72
140 141 54
138 140 -72
141 139 -72
112 138 -72
139 113 -72
144 145 55
142 144 -72
145 143 -72
112 142 -72
143 113 -72
148 149 56
146 148 -72
149 147 -72
112 146 -72
147 113 -72
152 153 57
150 152 -72
153 151 -72
112 150 -72
151 113 -72
110 112 -72
113 111 -72
108 110 -72
111 109 -72
156 157 97
154 156 -72
157 155 -72
108 154 -72
155 109 -72
160 161 98
158 160 -72
161 159 -72
108 158 -72
159 109 -72
164 165 99
162 164 -72
165 163 -72
108 162 -72
163 109 -72
168 169 100
166 168 -72
169 167 -72
108 166 -72
167 109 -72
172 173 101
170 172 -72
173 171 -72
108 170 -72
171 109 -72
176 177 102
174 176 -72
177 175 -72
108 174 -72
175 109 -72
180 181 65
178 180 -72
181 179 -72
108 178 -72
179 109 -72
184 185 66
182 184 -72
185 183 -72
108 182 -72
183 109 -72
188 189 67
186 188 -72
189 187 -72
108 186 -72
187 109 -72
192 193 68
190 192 -72
193 191 -72
108 190 -72
191 109 -72
196 197 69
194 196 -72
197 195 -72
108 194 -72
195 109 -72
200 201 70
198 200 -72
201 199 -72
108 198 -72
199 109 -72
202 108 -72
109 203 -72
202 203 -72
109 108 -72
15 202 -72
203 1 -72
0 1
1
BROJ
S_pocetno
476
2 3 39
0 2 -72
8 9 40
6 8 -72
9 7 -72
4 6 -72
7 5 -72
12 13 41
10 12 -72
13 11 -72
4 10 -72
11 5 -72
16 17 123
14 16 -72
17 15 -72
4 14 -72
15 5 -72
20 21 125
18 20 -72
21 19 -72
4 18 -72
19 5 -72
24 25 124
22 24 -72
25 23 -72
4 22 -72
23 5 -72
28 29 42
26 28 -72
29 27 -72
4 26 -72
27 5 -72
32 33 92
30 32 -72
33 31 -72
4 30 -72
31 5 -72
36 37 36
34 36 -72
37 35 -72
4 34 -72
35 5 -72
40 41 32
38 40 -72
41 39 -72
4 38 -72
39 5 -72
44 45 33
42 44 -72
45 43 -72
4 42 -72
43 5 -72
48 49 34
46 48 -72
49 47 -72
4 46 -72
47 5 -72
52 53 35
50 52 -72
53 51 -72
4 50 -72
51 5 -72
56 57 37
54 56 -72
57 55 -72
4 54 -72
55 5 -72
60 61 38
58 60 -72
61 59 -72
4 58 -72
59 5 -72
64 65 43
62 64 -72
65 63 -72
4 62 -72
63 5 -72
68 69 44
66 68 -72
69 67 -72
4 66 -72
67 5 -72
72 73 45
70 72 -72
73 71 -72
4 70 -72
71 5 -72
76 77 46
74 76 -72
77 75 -72
4 74 -72
75 5 -72
80 81 47
78 80 -72
81 79 -72
4 78 -72
79 5 -72
84 85 48
82 84 -72
85 83 -72
4 82 -72
83 5 -72
88 89 49
86 88 -72
89 87 -72
4 86 -72
87 5 -72
92 93 50
90 92 -72
93 91 -72
4 90 -72
91 5 -72
96 97 51
94 96 -72
97 95 -72
4 94 -72
95 5 -72
100 101 52
98 100 -72
101 99 -72
4 98 -72
99 5 -72
104 105 53
102 104 -72
105 103 -72
4 102 -72
103 5 -72
108 109 54
106 108 -72
109 107 -72
4 106 -72
107 5 -72
112 113 55
110 112 -72
113 111 -72
4 110 -72
111 5 -72
116 117 56
114 116 -72
117 115 -72
4 114 -72
115 5 -72
120 121 57
118 120 -72
121 119 -72
4 118 -72
119 5 -72
124 125 58
122 124 -72
125 123 -72
4 122 -72
123 5 -72
128 129 59
126 128 -72
129 127 -72
4 126 -72
127 5 -72
132 133 60
130 132 -72
133 131 -72
4 130 -72
131 5 -72
136 137 61
134 136 -72
137 135 -72
4 134 -72
135 5 -72
140 141 62
138 140 -72
141 139 -72
4 138 -72
139 5 -72
144 145 63
142 144 -72
145 143 -72
4 142 -72
143 5 -72
148 149 64
146 148 -72
149 147 -72
4 146 -72
147 5 -72
152 153 65
150 152 -72
153 151 -72
4 150 -72
151 5 -72
156 157 66
154 156 -72
157 155 -72
4 154 -72
155 5 -72
160 161 67
158 160 -72
161 159 -72
4 158 -72
159 5 -72
164 165 68
162 164 -72
165 163 -72
4 162 -72
163 5 -72
168 169 69
166 168 -72
169 167 -72
4 166 -72
167 5 -72
172 173 70
170 172 -72
173 171 -72
4 170 -72
171 5 -72
176 177 71
174 176 -72
177 175 -72
4 174 -72
175 5 -72
180 181 72
178 180 -72
181 179 -72
4 178 -72
179 5 -72
184 185 73
182 184 -72
185 183 -72
4 182 -72
183 5 -72
188 189 74
186 188 -72
189 187 -72
4 186 -72
187 5 -72
192 193 75
190 192 -72
193 191 -72
4 190 -72
191 5 -72
196 197 76
194 196 -72
197 195 -72
4 194 -72
195 5 -72
200 201 77
198 200 -72
201 199 -72
4 198 -72
199 5 -72
204 205 78
202 204 -72
205 203 -72
4 202 -72
203 5 -72
208 209 79
206 208 -72
209 207 -72
4 206 -72
207 5 -72
212 213 80
210 212 -72
213 211 -72
4 210 -72
211 5 -72
216 217 81
214 216 -72
217 215 -72
4 214 -72
215 5 -72
220 221 82
218 220 -72
221 219 -72
4 218 -72
219 5 -72
224 225 83
222 224 -72
225 223 -72
4 222 -72
223 5 -72
228 229 84
226 228 -72
229 227 -72
4 226 -72
227 5 -72
232 233 85
230 232 -72
233 231 -72
4 230 -72
231 5 -72
236 237 86
234 236 -72
237 235 -72
4 234 -72
235 5 -72
240 241 87
238 240 -72
241 239 -72
4 238 -72
239 5 -72
244 245 88
242 244 -72
245 243 -72
4 242 -72
243 5 -72
248 249 89
246 248 -72
249 247 -72
4 246 -72
247 5 -72
252 253 90
250 252 -72
253 251 -72
4 250 -72
251 5 -72
256 257 91
254 256 -72
257 255 -72
4 254 -72
255 5 -72
260 261 93
258 260 -72
261 259 -72
4 258 -72
259 5 -72
264 265 94
262 264 -72
265 263 -72
4 262 -72
263 5 -72
268 269 95
266 268 -72
269 267 -72
4 266 -72
267 5 -72
272 273 96
270 272 -72
273 271 -72
4 270 -72
271 5 -72
276 277 97
274 276 -72
277 275 -72
4 274 -72
275 5 -72
280 281 98
278 280 -72
281 279 -72
4 278 -72
279 5 -72
284 285 99
282 284 -72
285 283 -72
4 282 -72
283 5 -72
288 289 100
286 288 -72
289 287 -72
4 286 -72
287 5 -72
292 293 101
290 292 -72
293 291 -72
4 290 -72
291 5 -72
296 297 102
294 296 -72
297 295 -72
4 294 -72
295 5 -72
300 301 103
298 300 -72
301 299 -72
4 298 -72
299 5 -72
304 305 104
302 304 -72
305 303 -72
4 302 -72
303 5 -72
308 309 105
306 308 -72
309 307 -72
4 306 -72
307 5 -72
312 313 106
310 312 -72
313 311 -72
4 310 -72
311 5 -72
316 317 107
314 316 -72
317 315 -72
4 314 -72
315 5 -72
320 321 108
318 320 -72
321 319 -72
4 318 -72
319 5 -72
324 325 109
322 324 -72
325 323 -72
4 322 -72
323 5 -72
328 329 110
326 328 -72
329 327 -72
4 326 -72
327 5 -72
332 333 111
330 332 -72
333 331 -72
4 330 -72
331 5 -72
336 337 112
334 336 -72
337 335 -72
4 334 -72
335 5 -72
340 341 113
338 340 -72
341 339 -72
4 338 -72
339 5 -72
344 345 114
342 344 -72
345 343 -72
4 342 -72
343 5 -72
348 349 115
346 348 -72
349 347 -72
4 346 -72
347 5 -72
352 353 116
350 352 -72
353 351 -72
4 350 -72
351 5 -72
356 357 117
354 356 -72
357 355 -72
4 354 -72
355 5 -72
360 361 118
358 360 -72
361 359 -72
4 358 -72
359 5 -72
364 365 119
362 364 -72
365 363 -72
4 362 -72
363 5 -72
368 369 120
366 368 -72
369 367 -72
4 366 -72
367 5 -72
372 373 121
370 372 -72
373 371 -72
4 370 -72
371 5 -72
376 377 122
374 376 -72
377 375 -72
4 374 -72
375 5 -72
380 381 126
378 380 -72
381 379 -72
4 378 -72
379 5 -72
3 4 -72
382 383 39
5 382 -72
383 1 -72
0 1
1
ZNAK
S_pocetno
483
2 3 39
0 2 -72
4 5 92
3 4 -72
10 11 40
8 10 -72
11 9 -72
6 8 -72
9 7 -72
14 15 41
12 14 -72
15 13 -72
6 12 -72
13 7 -72
18 19 123
16 18 -72
19 17 -72
6 16 -72
17 7 -72
22 23 125
20 22 -72
23 21 -72
6 20 -72
21 7 -72
26 27 124
24 26 -72
27 25 -72
6 24 -72
25 7 -72
30 31 42
28 30 -72
31 29 -72
6 28 -72
29 7 -72
34 35 92
32 34 -72
35 33 -72
6 32 -72
33 7 -72
38 39 36
36 38 -72
39 37 -72
6 36 -72
37 7 -72
42 43 32
40 42 -72
43 41 -72
6 40 -72
41 7 -72
46 47 33
44 46 -72
47 45 -72
6 44 -72
45 7 -72
50 51 34
48 50 -72
51 49 -72
6 48 -72
49 7 -72
54 55 35
52 54 -72
55 53 -72
6 52 -72
53 7 -72
58 59 37
56 58 -72
59 57 -72
6 56 -72
57 7 -72
62 63 38
60 62 -72
63 61 -72
6 60 -72
61 7 -72
66 67 39
64 66 -72
67 65 -72
6 64 -72
65 7 -72
70 71 43
68 70 -72
71 69 -72
6 68 -72
69 7 -72
74 75 44
72 74 -72
75 73 -72
6 72 -72
73 7 -72
78 79 45
76 78 -72
79 77 -72
6 76 -72
77 7 -72
82 83 46
80 82 -72
83 81 -72
6 80 -72
81 7 -72
86 87 47
84 86 -72
87 85 -72
6 84 -72
85 7 -72
90 91 48
88 90 -72
91 89 -72
6 88 -72
89 7 -72
94 95 49
92 94 -72
95 93 -72
6 92 -72
93 7 -72
98 99 50
96 98 -72
99 97 -72
6 96 -72
97 7 -72
102 103 51
100 102 -72
103 101 -72
6 100 -72
101 7 -72
106 107 52
104 106 -72
107 105 -72
6 104 -72
105 7 -72
110 111 53
108 110 -72
111 109 -72
6 108 -72
109 7 -72
114 115 54
112 114 -72
115 113 -72
6 112 -72
113 7 -72
118 119 55
116 118 -72
119 117 -72
6 116 -72
117 7 -72
122 123 56
120 122 -72
123 121 -72
6 120 -72
121 7 -72
126 127 57
124 126 -72
127 125 -72
6 124 -72
125 7 -72
130 131 58
128 130 -72
131 129 -72
6 128 -72
129 7 -72
134 135 59
132 134 -72
135 133 -72
6 132 -72
133 7 -72
138 139 60
136 138 -72
139 137 -72
6 136 -72
137 7 -72
142 143 61
140 142 -72
143 141 -72
6 140 -72
141 7 -72
146 147 62
144 146 -72
147 145 -72
6 144 -72
145 7 -72
150 151 63
148 150 -72
151 149 -72
6 148 -72
149 7 -72
154 155 64
152 154 -72
155 153 -72
6 152 -72
153 7 -72
158 159 65
156 158 -72
159 157 -72
6 156 -72
157 7 -72
162 163 66
160 162 -72
163 161 -72
6 160 -72
161 7 -72
166 167 67
164 166 -72
167 165 -72
6 164 -72
165 7 -72
170 171 68
168 170 -72
171 169 -72
6 168 -72
169 7 -72
174 175 69
172 174 -72
175 173 -72
6 172 -72
173 7 -72
178 179 70
176 178 -72
179 177 -72
6 176 -72
177 7 -72
182 183 71
180 182 -72
183 181 -72
6 180 -72
181 7 -72
186 187 72
184 186 -72
187 185 -72
6 184 -72
185 7 -72
190 191 73
188 190 -72
191 189 -72
6 188 -72
189 7 -72
194 195 74
192 194 -72
195 193 -72
6 192 -72
193 7 -72
198 199 75
196 198 -72
199 197 -72
6 196 -72
197 7 -72
202 203 76
200 202 -72
203 201 -72
6 200 -72
201 7 -72
206 207 77
204 206 -72
207 205 -72
6 204 -72
205 7 -72
210 211 78
208 210 -72
211 209 -72
6 208 -72
209 7 -72
214 215 79
212 214 -72
215 213 -72
6 212 -72
213 7 -72
218 219 80
216 218 -72
219 217 -72
6 216 -72
217 7 -72
222 223 81
220 222 -72
223 221 -72
6 220 -72
221 7 -72
226 227 82
224 226 -72
227 225 -72
6 224 -72
225 7 -72
230 231 83
228 230 -72
231 229 -72
6 228 -72
229 7 -72
234 235 84
232 234 -72
235 233 -72
6 232 -72
233 7 -72
238 239 85
236 238 -72
239 237 -72
6 236 -72
237 7 -72
242 243 86
240 242 -72
243 241 -72
6 240 -72
241 7 -72
246 247 87
244 246 -72
247 245 -72
6 244 -72
245 7 -72
250 251 88
248 250 -72
251 249 -72
6 248 -72
249 7 -72
254 255 89
252 254 -72
255 253 -72
6 252 -72
253 7 -72
258 259 90
256 258 -72
259 257 -72
6 256 -72
257 7 -72
262 263 91
260 262 -72
263 261 -72
6 260 -72
261 7 -72
266 267 93
264 266 -72
267 265 -72
6 264 -72
265 7 -72
270 271 94
268 270 -72
271 269 -72
6 268 -72
269 7 -72
274 275 95
272 274 -72
275 273 -72
6 272 -72
273 7 -72
278 279 96
276 278 -72
279 277 -72
6 276 -72
277 7 -72
282 283 97
280 282 -72
283 281 -72
6 280 -72
281 7 -72
286 287 98
284 286 -72
287 285 -72
6 284 -72
285 7 -72
290 291 99
288 290 -72
291 289 -72
6 288 -72
289 7 -72
294 295 100
292 294 -72
295 293 -72
6 292 -72
293 7 -72
298 299 101
296 298 -72
299 297 -72
6 296 -72
297 7 -72
302 303 102
300 302 -72
303 301 -72
6 300 -72
301 7 -72
306 307 103
304 306 -72
307 305 -72
6 304 -72
305 7 -72
310 311 104
308 310 -72
311 309 -72
6 308 -72
309 7 -72
314 315 105
312 314 -72
315 313 -72
6 312 -72
313 7 -72
318 319 106
316 318 -72
319 317 -72
6 316 -72
317 7 -72
322 323 107
320 322 -72
323 321 -72
6 320 -72
321 7 -72
326 327 108
324 326 -72
327 325 -72
6 324 -72
325 7 -72
330 331 109
328 330 -72
331 329 -72
6 328 -72
329 7 -72
334 335 110
332 334 -72
335 333 -72
6 332 -72
333 7 -72
338 339 111
336 338 -72
339 337 -72
6 336 -72
337 7 -72
342 343 112
340 342 -72
343 341 -72
6 340 -72
341 7 -72
346 347 113
344 346 -72
347 345 -72
6 344 -72
345 7 -72
350 351 114
348 350 -72
351 349 -72
6 348 -72
349 7 -72
354 355 115
352 354 -72
355 353 -72
6 352 -72
353 7 -72
358 359 116
356 358 -72
359 357 -72
6 356 -72
357 7 -72
362 363 117
360 362 -72
363 361 -72
6 360 -72
361 7 -72
366 367 118
364 366 -72
367 365 -72
6 364 -72
365 7 -72
370 371 119
368 370 -72
371 369 -72
6 368 -72
369 7 -72
374 375 120
372 374 -72
375 373 -72
6 372 -72
373 7 -72
378 379 121
376 378 -72
379 377 -72
6 376 -72
377 7 -72
382 383 122
380 382 -72
383 381 -72
6 380 -72
381 7 -72
386 387 126
384 386 -72
387 385 -72
6 384 -72
385 7 -72
5 6 -72
388 389 39
7 388 -72
389 1 -72
0 1
1
ZNAK
S_pocetno
5
2 3 43
0 2 -72
4 5 43
3 4 -72
5 1 -72
0 1
1
OP_INC
S_pocetno
5
2 3 45
0 2 -72
4 5 45
3 4 -72
5 1 -72
0 1
1
OP_DEC
S_pocetno
3
2 3 43
0 2 -72
3 1 -72
0 1
1
PLUS
S_pocetno
3
2 3 45
0 2 -72
3 1 -72
0 1
1
MINUS
S_pocetno
3
2 3 42
0 2 -72
3 1 -72
0 1
1
OP_PUTA
S_pocetno
3
2 3 47
0 2 -72
3 1 -72
0 1
1
OP_DIJELI
S_pocetno
3
2 3 37
0 2 -72
3 1 -72
0 1
1
OP_MOD
S_pocetno
3
2 3 61
0 2 -72
3 1 -72
0 1
1
OP_PRIDRUZI
S_pocetno
3
2 3 60
0 2 -72
3 1 -72
0 1
1
OP_LT
S_pocetno
5
2 3 60
0 2 -72
4 5 61
3 4 -72
5 1 -72
0 1
1
OP_LTE
S_pocetno
3
2 3 62
0 2 -72
3 1 -72
0 1
1
OP_GT
S_pocetno
5
2 3 62
0 2 -72
4 5 61
3 4 -72
5 1 -72
0 1
1
OP_GTE
S_pocetno
5
2 3 61
0 2 -72
4 5 61
3 4 -72
5 1 -72
0 1
1
OP_EQ
S_pocetno
5
2 3 33
0 2 -72
4 5 61
3 4 -72
5 1 -72
0 1
1
OP_NEQ
S_pocetno
3
2 3 33
0 2 -72
3 1 -72
0 1
1
OP_NEG
S_pocetno
3
2 3 126
0 2 -72
3 1 -72
0 1
1
OP_TILDA
S_pocetno
5
2 3 38
0 2 -72
4 5 38
3 4 -72
5 1 -72
0 1
1
OP_I
S_pocetno
5
2 3 124
0 2 -72
4 5 124
3 4 -72
5 1 -72
0 1
1
OP_ILI
S_pocetno
3
2 3 38
0 2 -72
3 1 -72
0 1
1
OP_BIN_I
S_pocetno
3
2 3 124
0 2 -72
3 1 -72
0 1
1
OP_BIN_ILI
S_pocetno
3
2 3 94
0 2 -72
3 1 -72
0 1
1
OP_BIN_XILI
S_pocetno
3
2 3 44
0 2 -72
3 1 -72
0 1
1
ZAREZ
S_pocetno
3
2 3 59
0 2 -72
3 1 -72
0 1
1
TOCKAZAREZ
S_pocetno
3
2 3 40
0 2 -72
3 1 -72
0 1
1
L_ZAGRADA
S_pocetno
3
2 3 41
0 2 -72
3 1 -72
0 1
1
D_ZAGRADA
S_pocetno
3
2 3 123
0 2 -72
3 1 -72
0 1
1
L_VIT_ZAGRADA
S_pocetno
3
2 3 125
0 2 -72
3 1 -72
0 1
1
D_VIT_ZAGRADA
S_pocetno
3
2 3 91
0 2 -72
3 1 -72
0 1
1
L_UGL_ZAGRADA
S_pocetno
3
2 3 93
0 2 -72
3 1 -72
0 1
1
D_UGL_ZAGRADA
S_pocetno
